1
1
1
1

1
1
1
1
1
1
1
1
1
1
1
1
209
208
208
208

1
1
1
1
1
1
1
1
1
1
1
1

41
41
41
41
41
41
41
41
41
41
41
41
41

409
409
409
409
409
409
409
409
409
409
409
409
409
409
409
409
409
409
409
409
409
409
409
409
409
409
409
409
409
409
409
409
409
409
409
409
409
409
409
409
409

10751
10751
10518
10518
10518
10518
10518
10518
10518
10518
10518
10518
10518
10518
8801

1717
1717
1717
1717
1717
1717
1717
1717
1717
1717
1717
1717
1717
1717
1717
1717
1717
1717
1717
1717
798
2515
2515
798
919
2636
2636
2636
919
11160
11160
11160
11160
11160
409
409
409
409
409
409

311
311
311
311
311
311
311
311
311
311
311
311
311
311
311
311
311
311
311
311
311
311
311
311
311
311
311
311
311
311
311
311
311
311
311
311
311
311
311
311
311
311
311
311
311
311
311
311
311
311
311
311
311
311
311
311
1945
1945
1945

1945
1945
1945
1945
1945
903
903
903
2256
2256
2256
311
311
311
311
311
311
396
396
396
396
396
396
396
396
396

9108
9108
9504
9504
396
396
396
396
2258
2258
2258
2258
2258
2258
2258
2258
2258
2258
2258
2258
2258
2258

2258
2258
1181
1181
1181
1181
1181
1181
1181
1181
1181
1181
1181
1181
1181
1181
1181
1181
1181
1181
1181
1181
1181
1181
1181
1181
1181
1181
1181
1181
1181
1181
1181
1181
2258
2258
1611
1611
1611
1611
1611
1611
1611
1611
1611
1611
1611
1611
1611
1611
1611
1611
1611
1611
1611
1611
1611
1611
1611
1611
1611
1611
1611
1611
1611
1611
1611
1611
2258
2258
1541
1541
1541
1541
1541
1541
1541
1541
1541
1541
1541
1541
1541
1541
1541
1541
1541
1541
1541
1541
1541
1541
1541
1541
1541
1541
1541
1541
1541
1541
1541
1541
2258
4516
4516
2654
2654
2654
396
396
396
396
396
396
396
396
396
396
3564
3564
3564
3168
3168
3168
3168
3168
3168
3168
3168
3168
3168
3168
3168
3168
3168
3168
3168
3168
3168
396
396
396
396
396
396
396
396
396
396
396
2772
2772
2772
2772
2772
2772
2772
2772
2772
2772
2772
2772
2772
2772
3168
3168
3564
3564
3564
456
456
456
456
456
3108
1863
1863
1863
1863
1863
48
504
504
1815
1589
1589
373
877
3564
3564
3564
3564
3564
3564
3564
3564
3564
3564
3564
3564
3564
3564
3564
3564
3564
3564
3564
3564
3564
3960
3960
3960
3960
396
396
396
396

165
165
165
165
165
165
165
165
165
165
165
165
165
165
165
165
165
165
165
165
165
165
165
165
165
165
165
165
165
165
165
165
165
165
465
465
465
465
465
465
630
630
165
165
165
165
165
214
214
214
214
214
214
171
171
171
171
214
379
379
165
251
251
251
251
251
251
251
251
251
416
416
165
165
165
165
165

165
165

17
17
17
17
17
17
17
17
17
17
17
17
17
17
17
17
17
17
17
17
17
17
17
17
17
17
17
17
17
516
516
516
533
533
17
17
17
17
17

74
74
74
74
74
74
74
74
74
74
74
74
74
74
74
74
74
74
74
74
74
74
74
74
74
74
74
74
74
74
74
74
867
867
867
941
941
74
74
74
74
74
74
72
72
72
146
146
74
74
74
74
74

16
16
16
16
16
16
16
16
16
16
16
16
16
16
16
16
16
16
16
16
16
16
16
16
16
16
16
16
16
16
16
16
16
16
16
18
18
18
34
34
16
16
16
16
16
16
162
162
162
178
178
16
16
16
16
16
16

16
16
16
16
16
16
16

60
60
60
60
60
60
60
60
60
60
60
60
60
60
60
60
60

60
60
60
60
60
60
60
60

60
60
60
60
60
60

21
21
21
21
103
103
103
103
103
103

103
103
124
124
21
21

47
47
47
47
47
47
47
47
47
47
47
47
47
47
47
47
47
47

150
150
150
150
150
150
150
150
150
150
150

64
64
64

150
150
150
150
150
54
54
54
54
54
54
54
54
54
54
54
54
54

579
579
579
579

675
675
675
96
96
96
96
96
96
96
96
96
96
96
96
96
96
96
96
579
579
579
579
579
579
579
579
579
579
579
579
579
579
675
675
675
96
96
96
96
96
96
23
23
23
23
23
23
23
23
23
23
23
23
23
23
23
23
23
23
23
23
23
73
73
73
73
73
73
73
73
73
73
10
10
10
10
10
10
10
10
10
10
10
10
87
87

63
63
63
63

63
63
63
63
63
63
63
63
63
63
63
63
63
63
63
63

63
63
63
63
63
63

228
228
228
228
228
228
228
228
228
228
228
228
228
228
228
228
228
228
228
291
291
63
63
63
63
63
63
218
218
218
218
218
218
218
218
218
218
218
218
218
218
218
218
218
218
218
281
281
63
63
63
63
63
63
63
63
63
63
63
63
63
63
63
63
63
63
63
63
63
63
63
63
63
63
63

63
63
63
63
63
63
63
63
63
63
63
63
63
63
63
63
63
63
63
63
63
63
63
63
63
63
63
63
63
63
63
63
63
228
228
228
456
456
456
456
228
228
228
228
228
228
228
291
291
63
63
63
63
63
63
218
218
218
188
188
376
376
376
376
188
188
188
188
188
218
218
281
281
63
63
63
63

63
63
63
63
63
63

150
150
150
150
150
150
150
150
150
150
150

150
150
150
150
150
63
63
63
63
63
63
63
63
63
63
63
63
63
63
63
63
63
63
63
63
63
63
63
63
63
63
63
63
63
63
63
63
63
63
63
63
63
63
63
63
63
63
63
63
63
63
63
63
63
63
63
63
63
63
63
63
63
63
63
63
63
63
63
63
63
63
63
63
63
63
63
63
63
63
63
63
63
63
150
150
150

150
150

126
126
126
126
126
126
126
126
126
126
126
126
126
126
126
126
126
126
446
446
446
416
416
416
416
416
416
416
3822
3822
3822
3822
3822
3822
3822
81
81
81
3822
3822
81
81
81
81
81
81
81
81
81
81
81
81
81
81
81
4157
4157
4157
572
572
572
126

63
63
63
63
63
63
63
63
63
357
357
357
357
357
357
177
177
147
147
147
30
30
30
30
30
30
30
30
30
30
30
30
30
30
30
30
30
177
240
420
420
420
63

77
77
77
77
77
77
77
77
77
77
77
77
77
77
77
77
77
77
77
77
77
77
77
77
77
77
77
77
77
77
77
693
693
693
693
693
693
693
92
92
92
92
92
92
92
92
92
92
92
92
92
92
92
92
92
92
92
92
92
92
92
92
92
693
770
770
770
77
77

1
1
1
1
1
1
1
1
1
1
1
1
1
1
1
1
1
1
1
1
1
1
1

1
1
1
1
1
1
1
1
1
1
1
1
1
1
1
1
1
1
1
1
1

2
2
2
2
2
2
2
2
2
2
2
2
1
84
84
84
84
84
84
84
84
85
85
85
1
1
1
1
2
2
2
2
1
1
1
1
1
85
85
85
85
85
85
1695
1695
1695
1695
1695
1695
1695

1695
1695
1780
1780
85
86
86
86
1
1
1
1
1
1

2
2
2
2
2
2
2
2
2
2
2
2
2
2
2
2
2
2
2
85
85
85
85
85
85
85
85
85
85
85
85
87
87
2
2
2
2
2
2
2
2
2

131
131
131
131
131
131
131
131
131
131
131
131
131
131
131
131
131
131
612
612
612
743
743
131
131
131
131

7
7
7
7
7
7
7
7
7
7
7
7
7
7
7
251
251
251
502
502
502
502
251
251
258
258
258
7
7
7
7
7
7

1
1
1
1
1
1
1
1
1
1
1

1
1
1
1
1
1
1
1
1
1
1
1
1
1
1
1
1
1
1
1
1
1
1
1
1
1
1
1
1
1

9
9
9
9
9
9
9
9
9
9
9
9
9
9
9
9
9
9
9
9
9
9
9
9
9
9
9
9
10
10
10
10
1
1
1
1
1
1
1
1
1
1
1
1
1
1
1
1
1
1
1
1
1
1
1
1
1
1
1
1
1
1
1
1
9
9
9
9
9
9
9
9
9
9
9
9
9
9
9
23
23
23
23
23
23
32
32
32
32
9
9
9
9
9
8
8
8
8
8
8
8
8
8
8
8
8
8
8
8
8
8
8
8
8
8
1
1
1
1
1
1
1
1
1
1
1
1
1
1
1
1
1
1
1
1
9
10
10
10
1
1
1
1
1
1
1
1
1
1
1
1
1
1
1
1
1
1
1
1
10
10
10
10
10
10
10
10
10
10
10
10
10
10
1
1
1
1
1
1
1
1
1
1
1
1
1
1
1
1
1
1
1
1
1
1
1
1
1
1
1
1
1
1
1
1
1
1
1
1
1
1
1
1
1

1
1
1
1
1
1
1
1
1
1
1
1
1
1
1
1
1
1
1
1
1
1
1
1
1
1
1
1
1
1
1
1
1
1
1
1
1
1
1
1
1
1
1
1
1
1
1
1
1
1
1
1
1
1
1
9
9
9
9
9
9
9
9
10
10
10
1
1
1
1
1
1
10
10
10
10
10
10
10
10
10
10
1
1
1
1
1
1
1
1
1
1
1
1
1
1
1
1
1
1
1
1
1
1
1
1
1
1
1
1
1
1
1
1
1
1
1
1
1
1
1
1
1

2
2
2
2
2
2
2
2
2
2
2
2
2
2
2
2
2
2
2
2
2

2
2
2
2
2
2
2
2
2
2
2

58
58
58
58
58
58
58
58
58
58
58
58
58
58
58
58
58
58
58
58
58
58
58

464
464
464
464
235
94
94
94

94
94
94
94
94
141
141

94
94
94
94
94
94
94
323
323
323
323
323
323
323
323
141
141
141
141
141
141
464
464
522
522
522
522
58
58
58

58
58
58
58
58
58
58
58
58

58
58
58
58
58
58
58
58
58
58
464
464
464
464
379
379
379
321

58
58

321
321
321
321
321

321
321
321

85
85
85
85
85
85
85
85
85
85
85
85

464
522
522
522
522
522
58
58
58
58
58
58
58
58
58
58

58
58
58

58

1
1
1
1
1
1
1
1
1
1
1
1
1
1
1
1
1
1
121
121
121
121
121
61
61
60
60
60
60

60
60
60
60
60
60
2
2
2
2
2
2
2
1
1
1
1
1
1
1
1
1
1
1
1

1
1
1
1
1
1
1

60
60
60
60
60

1
1
1
1
1
1
1
1
1
1
1
1
1
1

1
1
1
1
1
1
1
1
1

1
1
1
1

1

58
58
58
58
58
58

58
58
58
1
1
1
1
1
1
1
1
1
1
1
1
58
58
58
58

1
1
1
1
1
1
1
1
1
1
1
1
1
1
1
1
1
1
1
1
1
1
1
1

9
9
9
9
9
9
10
10
10
10
1
1
1
1

1
1
1
1

1
1
1
1
1
1
1
1
1
1
1

1
1
1
1
1
1
1
1
1
1
1
1
1

1
1
1

1
1
1

1
1
1

1
1
1

1
1
1

1
1
1

1
1

1
1
1
1
1
1
1
1
1
1
1
1
1
1
1
1
1
1
1

1
1
1
1
1
1
1
1
1
1
1
1
1
1
23
23
23
24
24
24
1

1
1
1
1
1
1
1
1
1
1
1
1
1
1
1
1
1
1
1
1
1
1

1
1
1

1
1
1
1
1
1
23
23
23
23

23
24
24
24
1
1
1
1
1
1
1
1
1
1
1
1

1
1
1
1
1

1
1
1
1
1
1
1

86
86
86
86
86
86
86
86
86
86
86
86
86
86
86
86
86
86
86
86

86
86
86
86
86
86
86
86
86
54
54
54
54
54
86
172
172
172
86
86
86
86
86
86
86
86
86
86
86
86
86
86
86
86
86
86
86
132
132
132
264
264
264
264
132
132
218
218
86
86
86
86
86
86
86
86
86
86
32
32
32
32
32
32
32
32
224
224
224
224
224
224
224
224
146
78
78
78
78
78
78
78
78
78
78
78
78
78
156
156
78
78
156
156
156
78
224
256
256
256
256
256
86
172
172
172
86

10
10
10
10
10
10
10
10
10
10
10
10
10
10
10
80
80
80
80
80
80
90
90
90
10
10
10

10
10
10
10
10
10
10
10
10
10
10
10
86
86
86
86
86
86
86
86
86
86
32
32
32
32

86
172
172
172
86
86
86
86
86
96
96
10
10
10
10
10
10
10
10
10
10
10

86
86
86
86
86
86
86
86
86
86
96
96
10
10
10
10
10
10
10
10

4
4
4
4
4
4
4
4
4
4
4
4
4
4
4
4
4
4
4
145
145
145
3335
3335
3335
3335
3335
3335
3335
3480
3480
145
145
145
145
145
145
145
149
149
4
4
4
4
4
4
4
4
4
4
4
4
4
4
4
4
4
4
4
4

1
1
1
1
1
1
1
1
1
1
1
1
1
1
1
1
1
1
1
21
21
21
21
21
21
21
22
22
1
1
1
1
1
1
21
21
21
21
21
21
21
21
21
21
21
21
21
21
21
21
21
21
21
21
21
21
22
22
1
1
1
1
1
1
1
1
1
1
1
1
1
1
1
1

17
17
17
17
17
17
17
17
17
17
17
17
17
17
17
17
17
17
17
17
17
17
17
17
17
17
17
17
17
17
17

136
136
136
136
136
136
153
153
153
17
17
17
17
17

17
17
17
17
17
17
17
17
17
17
17
17
17
17
17
17
17
17
17
17
17
17
17
516
516
516
516
516
516
516
516
516
533
533
17
17
17
17
17
17

4
4
4
4
4
4
4
4
4
4
4
4
4

14
14
14
14
14
14
14
14
14
14
14
14
14
14
14
14
14
14
14
14
14
14
14
14
14
14

1
1
1
1
1
1
1
1
1
1

1
1

1
1
1
1
1
1
1
1
1
1
1
1
1
1
1
1
1
1
1
1
1
1
1
1
1
1
1
1
1
1
1
1
1
1
1
1
1
1
1
1
1
1

39
39
39
39
39
39
39
40
40
1
1
1
1

1
1
1
1
1
1
1
1
1
1

1
1
1
1
1
1
1
1
1
1
1
1
1
1
1
1
1
1

1
1
1
1
1
1

1
1
1
1
1
1
1
1
1

1
1
1

1
1
1
1
1
1
1

39
39
39
39
39
39
39
39
39
39
39
39
312
312
312
312
312
312
312
312
312
312
312
312
351
351
351
39
39
39

39
39
39
39
39
39
39
39
39
39
39
39
39
39
39
39
39
39
39
273
273
273
273
273
273
273
273
273
273
312
312
39
39
39
39

18
18
18
18
18
18
18
18
18
18

18
18
18
18
18

18
18
18
18
18
18
18
18
18
18
30
30
30
30
30
30
30
30
30
30

30
30
30
68
68
68
68
68
68
68
68

68
68
68
68
68
98
98
30
30
41
41
41
41
41
41
41
41

41
41

41
41
41
41
24
19
19
19
19
21
21
21
21
21
21
21
21
21
20
50
50
30
48
48
18
18
18

1
1
1
1
1
1
1
1
1
1
1
1
1
1
1
1
1
1

1
1
1
1
1
1
1
1
1
1
1
1
1
1
1
1
1
1
1
1
1
1
1
1
1
1
1
1
1
1
1
1
1

1
1
1
1
1
1
1

85
85
85
85
85
85
86
86
1
1
1
1
1
1
1
1
1
1
1
1
1
1
1
1
1
1
1
1
1
1
1
1
1
1
1
1
1
1
1
1
1
1
1
1
1
1
1
1
1
1
1

1
1
1
1
1
1
1
1
1
1
1
1
1
1
1
1
1
1
1
1
1
1
1
1
1
1
1
1
1
1
1
1
1
1
1
1
1
1
1
1
1
1
1
1
1
1
1
1
1
1
1
1
1
1

1
1
1
1
1
1
1
1
1
1
1
1
1
1
1
1
1
1
1
1
1
1

1
1
1
1
1
1
1
1
1
1
1
1
1
1
1

1
1
1
1

1
1
1
1
1
1
1
1
1
1
1
1
1
1
1
1
1
1
1
1
1
1

39
39
39
37
37
37
37
37
37
37
37
18
18
18
18

18
18
18
18
18
18
18
18
18
18
39
39
40
40
1
1
1
1
1
1
1
1
1
1
1
1

37
37
37
37
37
37
37
37
37
37
37
37
37
37
37
37
37
37
37
37
37
37
37
37
37
37
37
37
37
37
37
37
37
37
37
37
37

37
37
37
37
37
37
37
37
37
37
37
37
37
37
37
37
37
37
37
37
37
37
37
37
37
37
37
37
37
1443
1443
1443
1443
1443
1443
1443
1329
1329
240
240
240
240
240
240
240
240
114
114
114
114
354
1443
1443
1480
1480
37
37
37
37
37
37

114
114
114
114
114
114
114
114
114
114
114
114
114
114
114
114
114
77
77
77
77
77
77
77
77
77
77
77
77
77
77
77
77
77
77
77
77
77
77
77
77
77
77
77
77
77
77
77
77
77
77
77
77
77
77
77
77
77
77
77
77
77
77
77
77
77
77
77
77
41
41
41
41
41
41
41
41
41
41
41
41
41
41
41
41
41
41
41
41
41
41
41
41
77
77
154
154
154
154
154
154
77
77
77
36
36
36
36
36
36
36
36
36
36
36
36
36
36
36
36
36
36
36
36
36
36
36
77
77
77
77
114
114

4
4
4
4
4
4
4
4
4
4
4
4

4
4
4
4
4
4
4
4
4
4
4
4
4
4
4
4
4
4
4
4
4
4
4
4
4
4
4
4
4
4
4
4
4
4
4
4
4
4
4
4
4
4
4
4
4
4
4
4
4
4
4
4
4
4
4
4
4
4
4
4
3

9
9
9
9
1
1
1
1
1
9
10
10
10
10
4
4
4
4
4
4
145
145
145
145
145
149
149
4
4
4
4
4
4
145
145
145
145
145
71
71
71
71
71
71
71
71
71
71
71
71
71
71
71
71
71

71
71
71
71
71
71
71
71
71
71
47
47
47
47
47
47
47
145
145
149
149
4
4
4
4
4
4
4
4
4

145
145
145
145
145
145
101
101
101
101
101
145
145
149
149
4
4
1
1
1
4
4
4
4
4
4
4
4
4
4
4
4
4
4
4
4
4
4
4
4
4
4
4
4

71
71
71
71
71
71
71
71
71
71
71
71
71
71
71
71

71
71
71
71
71
71
71
71
71
71
71
71
71
71
71
71
71
71
71
71
71
71
71
71
18
18
18
18
18
18
18
18
18
71
71
71
71
71
71
71
71
71
71
71
71
24
24
24
24
24
24
24
24
24
71
71

71
71
71
71
9
9
9
9
80
80
80
71
71
71
71
71

115
115
115
115
115
115
115
115
115
115
115
115
115
115
115
115
115
115
115
115
115
7130
7130
7130
5138
5138
5138
5138
5138
5138
5138
5138
5138
5138
5138
5138
5138
5138
4552
4552
4552
4552
4552
4552
4552
4552
4552
4552
4552
4552
4552
4552
4552
2530
2530
2530
2530

2530
2530
2530
2530
2530
2530
2530
2530
2530
2530
2530
2530
2530
2530
2530
2530
2530
2530
2530
2530
2530
2530
2530
2530
1626
4156
4156
1626
1626
1626
1490
4020
4020
4020
1490
1490

1490
1490
1490
1490
1490
1490
1490
1490
1490
1490
7130
7130
7245
7245
7245
115
115
115
115
115
115
115
115
115
115
115
115
115
115
115
115

115

68
68
68
68
68
68
68
68
68
68
68
68
68
68
68
68
68
68
68
68
4216
4216
4216
173
173
173
173
173
173
173
173
173
173
173
173
173
173
4216
4216
4284
4284
68
68
68
68
68
68
68
68
68
68
68
68
68
68
68
68

133
133
133
133
133
133
133
133
133
133
133
133
133
133
133
133
133
133
133
133
133
8246
8246
8246
4764
4764
4764
4764
4764
4764
4764
4764
4764
4764
4764
4764
4764
3326

1438
1438
1438
1438
1438
1438
1438
1438
1438
1438
1438
1438
1438
1438
1438
1438
1438
1438
1438
1438
1438
1438
1438
1438
826
2264
2264
4152
4152
4152
4152
4152
4152
8246
8246
8379
8379
133
133
133
133
133
133
133
133
612
2050
2050
2050
612
7537
7537
7537
7537
7537
5501
2036
2036
2036
2036
122
122
122
2036
2036
1914
1914
1914
1914
1914
1914
7537
7537
7670
7670
133

71
71
71
71
71
71
71
4402
4402
4402
4402
4402
4473
4473
71
71
71
71
71
71
71
71
71
4439
4439
4439
4439
4439
4439
2741
2741
2741
2741
2741
4439
4439
4439
4510
4510
71

24
24
24
24
24
24
24
24
24
24
24
24
24
24
24
24
24
24
24
24
24
24
2040
2040
2040
2040
2040
2040
2040
2040
2064
2064
24
24
24
24
24
24
24
24
24
24
24
24
50
50
50
50
50
50
50
50
50
74
74
47
47
47
47
47
47
47
47
101
101
101
101
96
96
96
96
96
44
44
44
44
44
44
44
44
44
44
44
44
44
44
44
44
44
44
44
52
52
52
52
52
52
52
52
52
101
148
148
47
47
47
47

47
47
24
24
24
24
24
24
24
24
24
24
24
24

23
23
23
23
23
23
23
51
51
51
51
51
51
51
163
163
163
163
163
163
163
214
214
51
51
51
51
26
19
19
19
19
28
28
28
51
74
74
23
23
23
23
23
23
23
23
23
23
23
23

23
23
23

52
52
52
52
52
52
52
52
52
52
52
52
52
52
52
52
52
52
52
52
52
52
52
52
52
52
52
52
3213
3213
3213
354
354
354
354
354
354
354
354
354
354
354
354
223
223
223
223
223
223
223
223
223
223
223
223
223
223
223
315
315
315
315

315
315
315
315
315
315
315
315
315
315
315
315
315
315
315
315
315
315
315
268
583
583
268
268
268
177
492
492
492
177
177
177
176
176
176
176
3212
3212
3212
3264
3264
3264
51
52

9
9
9
9
9
9
9
9
9
9
9
9
9
9
9
9
9
9
9
9
9
9
9
558
558
558
28
28
28
28
28
28
28
28
28
28
28
28
558
558
558
567
567
9
9
9
9
9
9
9
9
28
28
28
28
28
28
28
28
28
28
28
28
28
56
56
56
56
28
28
28
28
28
28
28
37
37
9
9
9
9
9
9
9
9
9
9
9
9
9
9
9
9
9
9
9
9
9
9
9
9
9

9
9
9
9
9
9
9

1
1
1
1
1
1
1
1
1
1
1
1
1
1
1
1
1
1
1
1
1
1
1
1

21
21
21
21
21
21
21

21
21
21
21
21
21
21
21
21
21
21
21
21
21
21
21
21

21
21
21
21
21
21
22
22
22
1
1
1
1
1
1
1
1
1
1
1
1

1
1
1
1
1
1
1
1
1
1
1
1
1
1
1
1
1
21
21
21
21
21
21
21
21
21
21
22
22
22
1
1
1
1
1
1
1

21
21
21
21
21
21
21
21
21
21
21
21

21
21
21
21
21
21
21
21
21
21
21
21
21
21
21
21
21
21
21
21
21
21
21
21
21
21
21
21
21
21
21
21
21
21
21
21
21
21
21
21
21
21
21

1302
1302
1302
1302
1302
1302
1323
1323
21
21
21
21
21
441
441
441
420
420
420
420
181
181
181
181
181
441
441
441
441
462
462
462
21
21
21
21
21
21
21
21
21
21
21
21
21
21
21
21
21
21
21
21
21
21
21
441
441
441

441
441
441
462
462
462
21
21
21
21
21
21
21
21
21
21
21
21
21
21

1
1
1
1
1
1
1
1
1
1
1

1
1
1
1

1
1
1
1
1
1
1
1
1
1
1
1
1
1
1
1
1
1
1
1
1
1
1
1
1
1
1
1
1
1
1
1
1
1
1
1
1
1
1
1
1
1
1
1
1
1
1
1
1

1
1
1
1
1
1
1
1
1
1
1
1

1
1
1
1
1
1
1
1
1
1
1
1
1

1
1

9
9
9
9
9
9
9
9
9
9
9
9
9

9
9
9
9
9

9

9
9
9
9
9
9
9
9
9
9
9
9
9

9
9
9
9
9
9
9

9
9
9
9
9
9
9
9
9
9
9

9
9
9
9

2
2
2
2
2
2
2
2
2
2

16
16
16
16
16
16
16
16
16
16
16
16
16
16
16
16
16
16
16
16
16
16
16
16
16
16
16
16
16
191
191
191
191
191
207
207
16
16
16
16
16
16
16
162
162
162
162
162
162
162
162
162
162
162

162
162
162
162
162
162
178
178
16
16

16
16
16
16
16
16

16
16
16
16
16
16
16
16
16
16
16

16
16
16
16
16
16
16
16
16
16
16
16
16
16
16
16
16
191
191
191
191
191
191
191
191
207
207
16
16
16
16
16
16
16
16
16
16
16
16
16
16
16
16
16
16
16
16
16
16
16
16
16
16
16
16

191
191
191
191
191
191
29
29
29
29
162
162
162
191
191
191
191

191
191
207
207
16
16
16
16
16
16
16
16
16
16
16
16
16
16
16
16
16
16
16
16
16
16
16

29
29
29
29
29
29
29
29
29
29
29
29

29
29
29
29

29
29
45
45
16
16
16
16
16
16
16
16
16
16
16
16

16
16
16
16
16
16
16
16
16
16
16
16
16
18
18
18
18
18
34
34
16
16
16
16
16
16
162
162
162
162
162
178
178
16
16
16
16
16
16

16
16
16
16
16
16
16
16
16
16
16
16
16
16
16
16

16
16
16
16
16
16
16
16
16
16
16
16
16
16

354
354
354
354
354
354
354
354

507
507
507
507
507
507
507
507
507
507
507

507
507
507
507
507
86
86
86
86
86
86
86
86
86
86
86
86
86
86
86
86
86
86
86
86
86
86
86
86
86
86
86
86
86
86
86
86
86
86
67
67
67
67
67
67
67
67
31
86
86
86
86
86
86
86
86
86
86
86
86
86
86
86
86
86
86
507
507
507

507
507

507
507
507
507
507
507
507
507
507
507
507
507
507
1280
1280
1280
1280
1280
163
163
163
163
163
163
163
163
241
241
1624
1624
1624
410
410
410
410
820
820
820
820
820
410
410
1299
1299
1299
1299
1299
1299
1299
1299
1299
1299
1299
1299
1299
1299
1709
1709
1709
410
410
410
410
410
410
173
173
173
173
173
173
173
173
180
180
237
237
237
237
237
237
237
7
7
7
7
7
7
7
7
180
180
180

230
230
78
78
78
78
78
78
78
78
241
241
241
152
152
152
66
66
66
66
66
594
594
594
594
594
75
75
75
75
75
75
75
75
75
75
75
75
75
75
75
75
594
660
660
660
660
66
66
66
363
363
363
363
363
363
363
363
363
429
429
429
66
66
66
66
66
66
66

86
86
86
86
86
86
86
86
86
86
86
86

86
86

507

1
1
1
1
1
1
1
1
1
1
1
1
1
1
1
1
1
1
1
1
1
1
1
1
1
1
1
1
1
1
1
1
1
1
1
1
1
1
1
1
1
1
1
1
1
1
1
1
1
1
1
1
1
1
1
1
1
1
1
1

1
1
1
1
1
1
1
1
1
1
1
1
1
1

1
1
1
1
1
1
1
1
1
1

1
1
1
1
1
1

1
1
1
1
1
1
1
1
1
1
1
1
1
1
1
1
1

1
1
1
1
1
1

1
1
1
1
1
1
1

1

1
1
1
1
1
1
1
1
1
1
1
1
1
1
1
1
1
1
1
1
1
1
1
1

1
1

1
1
1
1
1

1
1
1
1
1

1
1
1
1
1
1
1
1
1
1
1
1
1
1
1
1
1
1

1
1
1
1
1
1
1
1
1
1
1
1
1
1

1
1
1
1
1
1
1
1
1
1
1
1
1
1
1
1
1
1
1
1
1
1
1
1
1
1
1

1
1
1
1
1
1
1
1

1
1
1
1
1
1
1
1
1
1

1
1
1
1
1
1
1
1

1
1
1
1
1
1
1
1
1
1
1
1
1
1
1
1
1
1
1
1
1
1
1
1
1
1
1
1
1
1
1
1

1
1
1
1
1
1
1
1
1
1
1
1

1
1
1
1
1
1

1
1
1
1
1
1
1

1
1
1
1
1
1

1
2
2
2
1
1
1
1
1
1
1
1
1
1
1
1
1
1
1
1
1
1
1
1
1
1
1

3
3
3
3
3
3
3
3
3
3
3
3
3
3
3

3
6
6
6
3
3

43
43
43
43
43
43
43
43
43
43
43
43
43
43
43
43
43
43
43
43

43
43
43
43
43
43
43
43
47
47
47
90
90
43
43
43
30
30
30
30
30
73
73
43
43
43
18
18
43
43
43
18
18
43
43
43
43

9
9
9
9
9
9
9
9
9
9
9
9
9
9
9
9
9
9
47
47
98
98
98
98
145
145
47
56
56
9
9

56
56
56
56
56
56
56
56
56
56
56
39
39
39
39
39
39
39
21
21
21
18
18
39
39
39
124
124
124
163
163
39
56
56
56
35
35
35
35
35
35
35
17
17
17
18
18
35
35
35
475
475
475
510
510
35
35

196
196
196
196
196
196
196
196
196
196
196
196
196
47
47
47
47
196
196
196
196
196
94
94
94
94
94
94
94
94
18
18
18
18
18
76
76
76
76
76
76
76
76
76

18
94
94
94
196
196
196
196
60
60
60
60
60
60
60
60
60
60
60
42
42
42
42
42
42
42
42
42

18
18

60
60
60
196
196
196
196
196
196
196
196
94
94
94
94
94
94
102
102
102
102
102
102
102
102
102
102
102

94
196
196
196
196
196
196
196
196
60
60
60
60
60
136
136
136
136
136
136
136
136
136
136
136

60
60

196
196
196
196

196
196

47
47
47
47
47
47
47
47
47
47
47
47
47
47

47
47
47

47
47
47
47
47
47
47
47
47

47
47
47
47
47
9
9
9
47
94
94
47
47
47
47
47
47
47
47
47
47
47
47
47
47
47
47
47
47
47
47
47
47

30
30
30
30
30
30
30
30
30
30
30
30
30
30

30
30
30

51
51
51
51
51
51
51
51
51

51
51
51
51
51

51
81
81
30
30
30
30
30
30
30
30
30
30
30
30
30
30
30
30
30
30
30
30
30
30

1

25
25
25
25
25
25
25
25
25
25
25
25
25
25
16
16
9
9
9
9
9
9
9
9
9
9
9
9
9
9
9
9
9
9
9
9
9
9
47
47
47
56
56
9
9
9
9
9
9
9
9
9
30
30
30
30
30
30
39
39
9
9
9
9
9
9
9
9
9
9
9
9
9
9
9
9
9
9
9
9
9
9

9
9
9
9
9
9
9
9

9
9
9
25
25

9
9
9
9
9
9
9
9
9
9
9
9
9
9
9
9
9
9
9
9
9
9

9
9
9
9
9
9
9
9
9
9
9
9
9
9
9
9
9
9
9
9
9
9
9
9
9
9
9
9
9
9
9
9
9
9
9
9
9
9
9
9
9
9
9
9
9
9
9
9
9
9
9
9
9
9
9
9

9
9
9

9
9
9
9
9
9
9
9
9

9
9
9

9

9
9
9
9
9
9
9
9
9
9
9
9
9
9
9
9
9
9
9

9
9
9

9
9
9
9
9
9
9
9
9

9
9
9
9
9
9
9

9
9
9
9
9
9
9
9
9
9
18
18
18
18
18
18
18
18
47
47
47
47
47
47
47
47
65
65
18
18
9
9
9
9
9
9
9
9

9
27
27
18
18
18
18
18
18
18
18
18
18
9

9
9
9
9
9
9
9
9
47
47
47
47
47
47
47
56
56
9
9

1
1
1
1
1
1
1
1
1
1
1

1
1
1
1
1
1
1

1
1
1
1
1
1
1
1
1
1
1
1
1
1
1
1

21
21
21
21
21
21
21
21
21
21
12
12
12
12

12
12
12
12
12
12
12
12
12
12
12
12
21
21
21
21
21
21
21
22
22
1
1
1
1
1
1
1
1
1
1
1
1
1

42
42
42
42
42
42
42
42
42
42
42
42

87
87
87
87
87
87
87
87
87
87
87

87
87
87
87
87
16
16
16
16
16
16
16
16
16
16
16
16
16
16
16
16
16
16
16
16
16
16
16
16
16
16
16
16
16
16
16
16
16
16
16
16
16
16
16
16
16
16
16
16
16
16
16
16
16
16
16
16
16
87
87
87

87
87

29
29
29
29
29
29
29
29
29
29
29
29
29
29
29
29
29
29
29
29
29
29
29
29
29
29
29
29
29
29
29
29
29
29
29
29
29
29
29
29
29
29
29
29
29
29
29
29
29
29
29
29
29
29
29
29
29
29
29
29
29
29
29
29

49
49
49
49
49
49
49
49
49
49
49
49
49
49
45
45
45
45
45
45
45
45
45
45
45
45
45
45
45
45
45
45
45
45
45
45
45
45
45
45
45
45
45
45
45
49
49

87
87
87
87
87
87
87
87
87
87
87
87
87
87
87
87
87
9
9
9
9
9
9
9
9
9

9
9
9
9
9
9
9
9
9
9
9
9
9
71
71
71
71
148
148
148
148
9
9
9
9
9
9
9
9
9
9
9
9
9
9
9
9
9
9
9
9
9
217
217
217
69
69
69
69
69
69
69
43
43
43
29
29
29
29
29
29
29
29
29

29
29
29
29
29
29
29

36
36
36
36
36
36
36
65
65
65
29
29
29
29
29
29
29
29
29
40
40
40
40
40
40
40

40
40
40
40
40
40
40
103
103
103
103
103
103
103
103
103
103
103
103
103
103
143
143
143
40
40
40
40
40
40
13
13
13
13
13
13
13

13
13
13
13
13
13
13
13
13
13
13

13
13
13
13
13
13
13

13
13
13
13
13
13
13
13
13
13
13
13
13
13
13
13
13
13
13
13
13
13
13
27
27
27
27
27
27
27
27
11
11
11
11
11
11
11
11
11
11
11
11
11
11
11
11
11
11
11
11
16
16
16
16
16
16
16
16
16
16
16

16
87

71
71

173
173
173
173
173
173
173
173
173
173
173
173
173
173
173
173
173

173
173
173
173
173
173
173
173
134
134
134
134
307
307
173
173
173
173

18
18
18
18
18
18
18
18
18
18
18
18
18
18
36
36
18
18

74
74
74
74
74
74
74
74
74
74
74
74
74
74
74
36
36
36
36
36
38
38
38

38
38
38
38
38

38
38
38
38
38
38
38

36
36
36
36
74
74
74
38
74
74

47
47
47
47
47
47
57
57
57
57
10
10
10

47
47

51
51
51
51
51
51
51
51
51
51
51
51
51
51
51
51
51
51

103
103
3248
3248
3248
3351
3351
103
24
24
24
24
24
148
148
172
172
24
24
148
148
148
148
148
148
148
148

148
148
148
148
148
148
148
148
148
148
148
148
148
148
148
148
296
296
148
148
337
337
337
337
337
337
337
337
337
337
337
337
333
333
333
333
333
333
333
333
333
333
333
333
337
674
674
337
337
1464
1464
1464
1464
1464
1464
1464
1464
1464
1464
1464
1464
1
1
1
1
1
1
1
1
1
1

1
1
1
1
1059
1059
1059
2118
2118
2118
2118
1059
565
565
565
565
565
565
565
565
565
565
565
565
565
565
565
565
565
1802
1802
1802
1802
1802
1802
1802
1802
1802
1802
1802
1802
1802
1802
1802
1802
1802
1595
1595
1595
1595
1595
1595
1595
1595
1595
1595
1595
1595
1595
1595
1595
1595
1595

416
416
416
416
416
416
416
416
416
416
416
416
416
416
416
416
416
416
416
416

219
219
219
219
219
219
219
53
53
53
53
53

810
810
810
810
810
810
810
810
555
555
555
555
555
1011
1011
1011
1011
1011
1011
1011
1011
772
772
772
772
772
573
573
573
573
573
573
573
573
348
348
348
348
348

3
3
3
3
3
3
117
117
117
117
117
120
120
3
3
3
5
5
5
5
5
5
5
5
207
207
207
207
207
207
143
143
69
69
138
138
138
138
143
143
207
207
212
212
5

3
3
3
3
3
3
3
3
3
3
3
3
3
3
3
3
3
3
3
3
3
3

38
38
38
38
38
38
38
38
38
38
38
38
38
38
38
38
38

38
38
38
38
38
38
38
38
38
38
38
38
38
38
38
38
38
38
38
38
38
38
38
38
38

24
24
24
24
24
24
24
24
24
24
24
24
24
24
24
24
24

24
24
24
24
24
24
24
21
21
21
21
21

3
3
3
3
24
24
24
24
24
24
24
24
24
24
24
24
24
24
24
24
24

376
376
376
376
376
376
376
376
376
376
376
376
376
376
12
12
12
376
376
376
376
376
376
376
376
376
376
376
376
376
376
376
376
376

3
3
3
3
3
3
3
3
3
3
3
3

376
376
376
376
376
376
376
376
376
352
352
352
376
376
376
376
376

1
1
1
1
1
1
1
1
12
12
12
12
13
13
1
1
1

634
634
634
634
634
634
634
634
634
634
634
14
14
14
14
14
14
14
14
14
14
14
14

14
634
634
634
634
634
634
634
634
634
634
1268
1268
1268
1268
634
634

4
4
4
4
4
4
4
4
4
4
4
4
4
4
92
92
96
96
4
4
4
4
4
4
145
145
145
145
145
145
145
145
2948
2948
2948
2948
2948
2948
3093
3093
290
290
145
145
149
149
4
4

2007
2007
2007
2007
2007
2007
2007
2007
2007
2007
2007
2007
2007
172
172
172
172
172

1443
1443
1443
1443
1443
1443
1443
1443
1443
1443
1443
1443
1443
1443
1443
1443
1443
1174
1174
1174
1174
1174
1174
1174
1174
1174
1174
1174
1174
1174
1089
1089

627
627

627
627
627
627
627
627
627
627
627
627
627
627
627
627
627
627
627
627
627
627
428
1055
1055
428
428
428
354
981
981
981
354
1443
1443
21
21
21
21
21
21
21
21
21
21
21
21
21
21
21
21
21
19
19
19
19
19
19
19
19
19
19
19
21
21

21
21
21
21
21
21
21
21
21
21
21
21
21
21
21
21
21
21
21
21
1
22
22
1
21
42
42
42
21
21
21
1694
1694
1694
1694
1694
1694
1694
1694
1694
1694
1694
1694
978
978
978
978
978
1694
1694

1694
1694
1694
1694
1694
1694
1694
1694
1694
1694
1694
1694
1694
1694
1694
1694
1694
1694
1694
743
2437
2437
743
743
743
743
743
743
743
743
743
1486
1486
1694
3388
3388
3388
1694
240
240
240
240
240
240
240
240
240
240
240
240
240
240
240
240
240
240
240
240
240
240
240
240
240
85
85
85
85
85
85
85
240
240

240
240
240
240
240
240
240
240
240
240
240
240
240
240
240
240
240
240
240
85
85
85
85
240
480
480
240
240
240
240
85
155
155
155
155
155
155
155
155
155
310
310
240
480
480
480
240

49
49
49
49
49
49
49
49
49
49
49
49
49
49
49
49
49
49
49
25
25
25
25
25
25
25
25
25
25
25
25
25
25
4
4
24
24
24
24
24
24
48
48
48

48
48
48
48
48
48
48
48
48
48
48
48
48
48
48
48
48
27
27
27
24
24
21
69
69
45
93
93
93
49

833
833
833
833
833
833
833
728
728
728
158
570
570
570
570
310
310
365
523
523

901
901
901
901
901
901
901
415
415
415
383
32
32
32
32
497
497
21
403
403
1
1
1
1
1

1487
1487
1487
1487
1487
1487
1487
1487
1487
1487
1487
1487
1487
1487
1487
1487
1487
1487
1487
813
813
33
33
33
33
33

9
9
9
9
9
9
9
9
9
9
9
9
9
9
9
9
9
9
47
47
47
47
47
47
47
47
885
885
98
98
98
98
885
885
932
932
94
94
47
47
47
47
56
56
9
9
9
9
9
9
9
9
9
9
9
9
9
9
9
9
9
9
9
9
9
9
9
9
9
9
9
9
9
9
9
18
18
9
9
9
9

18
18
18
18
18
18
18
18
18
18
18
18
18
18

27
27
27
27
27
27
27
27
27
27
27
27

9
9
9
9
9
9
9
9
9
9
9
9
9
9
9
9

9
9
9
9
9
9
9
9
9
9
9
9
9
9
9
9
9
9

9
9
9
9
9
9
9
9
9
9
9
9
9
9
9
9
9

9
9
47
47
47
47
47
56
56
9

1
1
1
1
1
1
1
1
1
1
1
1
2
2
2
2
2
2
2
2
2
2
2
2
2
2
2
1
1
1
1
1
1
1
1
1
1
1
1
1
1
1
1
1
1
1
1
1
1
1
1
1
1
1

2
2
2
2
2
2
2
2
18
18
18
18
18
18
18
16
14
14
14
14
14
14
14
14
14
14
14
14
14
14
14
14
14
14
14
14
14
14
14
14
14
14
546
546
546
546
546
129
129
129
129
129
129
129
129
129
129
129
129
129
129
129
129
129
129
129
129
129
129
546
546
546
560
560
14
14
14
14
14
14
14
14
14
14
14
14
14
14
14

14
14
14
14
14
14
14
14
14
14
14
14
14
14
14
14
14
129
129
129
27
27
27
27
27
27
27
27

27
27
27
27
27
27
27
27
27
129
129
129
129
129
143
143
14
14
14
14
14
14
14
14
14
14
16
16
16
16
16
18
20
20
20
20
2
2
2
2
2
18
18
18
18
2
2
2
2
2
2
2
2
2
78
78
78
78
78
78
78
78
78

78
78
78
80
80
18
20
20
20
2
2
2
2
2
2

2
2

1
1
1
1
1
1
1
1
1
1
1
1
1
1
1
1
1
1
39
39
39
39
39

39
39
40
40
1
1
1
1
1
1
1
1
1
1
1
1
1
1
1
1
1
1
1
1
1

58
58
58
58
58

58
58
59
59
1
1
1
1
1
1
1
1
1
1
1
1

1
1
1
1
1
1
1
1
1

1
1
1
1

4
4
4
4
3
3
3
3
3
3
4
4
4
4
4
4
4
4
4

4
4

43
43
43
43
43
43
43
43
43
43
43
43

43
43
43
43
43

43
43
43
43
43
43
43
43
43
43
43
43

4
4
4
4
4
4
4
4
4
4
4
4
4
4
4
4
4
4
2
2
2
2
2
2
1
1

1
1
1
1
1
1
1
2
2

20
20
20
20
20
20
20
20
20
20
20
20
20
4
4
4
4
4
4

4
4
4
4
4
4
2
2
2
2
4
4
4
4
4

4
4
4
4
4
4

4
4
4
4
4
4
4
4
4
4
4
4
4
4
4
4
4
2
2
2
2
2
2

4
4
4
4
4
4
4
4
4
4
4
4
4
4
4
4
4
4
4
4
4
4
4
4
4
4

4
4
1
1
1
1
1
1
1
1
1
1

1
1
1
1
1
1
1
1
1
1
1
1
1
1
1
1
1
1
1
1
1
1
1
1
1
1
1
1
1
1
1
1
1
1
1
1
1
1
1
1
1
1
1
1
1
1
1
1
1
1
1
1
1

1
1
1
1
1
1
1
13
13
13
13
13
13
1
3
3
3
3
3
3
1

20
20
20
20
20
20
20
360
360
360
360
20
20
20
20
20
20
2614
2614
2614
2614
2614
2614
2614
1323
1323
1323

1291
1291
320
320
320
320
320
320
320
320
320
33
33
33
33
33
33
33
33
33
287
287
287
287
287
287
287
320
2614
2614
2614
2614
2614
2614
2614
20
20
320
320
320
28
28
28
28
28
320
320
320
20
20
20
20
20
20
20
20
20
20
3
3
3
3
3
3
3
1
1
1
1
3
3
3
3
3
3
3
3
3
3
3
3
3
3
3
3
3
3
3
3
3
3
3
3
3
3
3
3
3
3
3
3
3
3
3
3
3
3
3
3
3
3
3
3
3
3
3
3
2
2
2
2
2
2
2
2
2
1
1
1
1
1
1
1
1
1
1
1
1
1
1
1
1
1
1
1
1
1
3
3
3
3
3
3
3
3
3
3
3

3
3
3
3
3
3
3
3
3
3
3
3
3
3
3
3
3
3
3

3
3
3
3
3
3
3
3
3
1
1
3
3
3
3
3
3
3
3
3
3
3

3713
3713
3713
3713
3713
3713
3713
3713
3713
3713

3713
3713
3713
3713
3713
3713
3713
3686
3686
3686
3686
3644
3644
3644
3644
44
3686
3686
3686
3706
3706
1032
1032
1032
2987
2987
2987
2987
2942
2942
6225
6225
6225
2674
2674
2674
2674
2674
2674
2674
2674
2674
2674
2674
3551
3551
3551
268
1035
1035
1035
1035
1035
1035
1032
2197
2197
2197
2197
2197
2197
2197
2197
1012
1012
1012
126
126
126
126
126
126
126
126
126
126
126
126
126
126
126
126
126
126
126
2800
2800
2796
2796
2796
1071
1071
1071
1071
1071
1071
1071
1033
1033
1033
40
40
40
1185
1185
1185
1185
1185
23
23
22
22
22
22
22
20
20
20
20
20
2
2
20
20
20
20

3
3
3
3
3
3
3
3
3
3
3
3
3
3
3
3
3

1031
1031
1071
1071
1071
1071
1071
1071
1071
40
40
40
40
40
40
40
40
40
40
40
40
40
1071
1071
1071
1071
185
185
185
185
185
185
185
3686
3686
3686
3686
3686
3686
3686
3686
3686
3686
3686
3686
3686
3686
3686
3686
3685
3685
3685
3685
3685
3685
3685
3685

3685
3685
3685
3685
3685
3685

3685
3685
3685
3685
3685
3685
3685
3685
3685
3685
3685
3685
3685
3685
3685
3685
2982
2982
2982
2982
2982
2982
2982
2982
703
703
703
3685
3685
73
73
73
73
73
73
73
73

3713
3713
3713
3713
3713
3713
3713
3713

3713
3713

3622
3622
3622
3622
3622
3622
3622
3622
3622
3622

1
1
1
1
1
1
1
1
1
1
1
1
1
1
1
1
1
1
1
1
1
1
1
1
1
1
1
1
1
1
1
1
18
18
18
18
1
1
1
1
1
1
1
1
1

1
1
1
1
1
1
4
4
4
4
1

32
32
32
32
32
32
32
32
32
32
32

32
32
32
32
32
32
32
32
32
32

2
2
2
2
2
2

1
1
1
1
41
41
41
41

4
4
4
4

4
4
4
4
43
43
43
43
2
2
2

5
5

1
1
1
1
1
1
1
1

1
1
9
9
9
9
9
9
9
9
1
1

1
1

4
4
4
4
4
4
4
4
4
4
4
4
4

1
1
1
1
1
1
1
1
1
1
1

62
62
45
45
45
45
45
45
45
45
45
45
35
35
25
65
65
65
65
65
65
25
25
25
25
25
35
37
37
37
37
45
45
29
29
29
29
29
29
45
45

17
17
17
17
17
17
17
17
17
17
12
12
12
21
21
21
21
21
21
12
12
12
12
12
12
12
12
12
17
17
8
8
8
8
8
8
17
17

13
13
13
13
13
13
13
13
13
13
13
13
13
20
20
20
20
20
20
20
20
20
60
60
60
60
60
60
60
60
60
60
60
60
60
60
7
7
7
7
7
7
7
7
7
7
7

7
7
60
60
60
60
60
60
39
39
39
39
39
39
11
11
11
11
11
11
11
11
11
11
11

11
11
39
39
39
39
39
39
39
39
39
39
39

39
39
60
60
60
60
60
60
60
60
60
60
60
60

60
60
60
593
593
593
593
593
593
593
666
666
666
666
666
666
666
261
261
261
261
261
201
201
201
201
201
201
201
201
201

201
201
201
60
60
60
60
60
60
60
60
60

60
60
60
60
60
60
60
60
60
60
25
25
4
4
4
4
4
4
4
4
4
4
4
21
21
21
11
35
35
3
3
3
3
3
3
3
3
3
3
32
32
32
32
20
20
20
20
13
133
133
133
133
133
133
133
133
133
133
133
133
133
133
133
133
133
584
584
584
850
1434
1434
1362
1362
1362
1362
1362
1362
584
584
584
584
584
584
584
584
584
584
584
584
850
850
850
850
850
584
584
584
584
584

584
584
77
682
682
682
682

1057
1057
1057
997
997
997
997
997
997
1
1
1
4
4
4
1
1
128
128
128
128
128
128
128
1

2
2
2
2
2
2
2
2
2
2
2
2
7
7
7
3
3
3
3
3
2
2
2
2
2
2

1
1

4
4
4
4
4

58
58
58
58
58

58
58
58
58
58
58
58
58
58
58
58
58
58
58
58
4
4
4
4
4
4
4
4
4
4
4
4
4
4
4
4
4
4
4
4
4
4
4
4
4
4
4
4
4
4
4
4
4
4
4
4
4
4
4
4
4
4

4
4

1
1
1
1
1
1
1
1
1
1
1
1

1
1
1
1
1
1
1
1
1
1
1
1
1
1
1
1
1
1
1
1
1
1
1
1
1
1
1

1
1
1
1
1
1
1
1
1
1

1
1
1
1
1
1
1
1
1

1
1

3
3
3
3
3
3
3
3
3
3
3
3

73
73
73
73
73
73
73
73
73
73
73
73
73
73
73
73
73
73
73
73
73
73
73
73
73
73
73
62
62
62
62
62
62
62
62
62
73
73
11
11
11
11
11
11
63
63
63
1
1
1
1
1
1
1
1
1
1
1
1
63
63
63
63
63
63
63
63

5
5
5
5
5
5
5
5
5
5
5
5
5
5
5
34
34
34
34
5
5
5
5
5
5
5
5
5

5
5

3
3
3
3
3
3
3
3
3
3
3
3
3
3
3
3
3
3
3
3
3
3

3
3
3

3
3
3
4
4
4
4
4
4
4
4
4
3
3
3
3
3
3
3
3
3
3
3
3
3
3
3
3
3
3
3
3
3
3
3
3
3
3
3
3

3
3
3
3
3

3
3
3
3
3
3
3
3
3
3

3
3
3

3
3
3
3

3
3
3
3
3
4
4
4
4
4
4
4
3
3
3

3
3
4
4
4
4
4
4
4
4
4
4
4
4
18
18
15
15
15
15
15
3
3
3
3
3
3
3
3
3

3
3
3
3
3
3
3
3
3
3

3
3
3
3

3
3

3
3

3
3
3
3
3
3
3
3
3
3
3
3
3
3

3
3

3
3
3
3
3
3
3
3
3
3
3
3
3
3
3
3
3
3
3
3
3
3
3

3
3
3
3
3
3
3
3
3
3
3
3
3
3
3
18
18
18
4
4
4
4
4
4

4
4
4
4
4
4
4
4
4
4
4
4
4
4
4
4
4
4

4
4

4
4

4
4

4
4
4
4
4
4
4
4
4
4
4
4
4
4
4
4
4
2
2
2
2
2
2
2
2
2
2
2
2
2
1
1
1
1
1
1
2
2
2
4
4
4
4
4
1
1
1
1
1
1
1
1
1
1
1
1
1
1
1
1
1
1
1
1
1
1
1
1
1
1
1
1
1
1
1
1
1
1
1
1
1
1
1
1
1
1
1
1
1
1
1
1
1

2
2
2
2
2
2
2
2
2
2
2
1
1
1
2
2
2
2
2
1
1
1
1
2
2
2
1
1
1
1
1

2
2
2
2
2
2

2
2
2

2
2
2
2
2
2
2
2
2
2
2
2
2
2

83
83
83
105
105
105
83
83
77
77
65
65
51
51
12
12
2
2

22
22
22
22
22
22
22
22
24
24
24
34
34
34
73
73
73
87
87
87
99
99
105
105
105
105
105
83
83
1
1
1
1

10
10
10
10

10
10
10
10
10
1
1
1
1
1
1
1
10
10
10
10
10
10
1
682
682
682
682
682
682
682
682
682
682
682
682
682
682
682
682
682
682

682
682
682
682
682
682
682

682
682
682
682
682
682

682
682
682
682
682
1
1
1
1

1
1
1
1
1
1
1
1
1
1
1
1
682
682

682
682
682
682
682
682
682
682
682
682
682
682
682
682
639
639
639
43
43
43
43
43
43
43
43
43
60
60
60
60
60
60
60
60
60
60
60
58
58
58
58
58
58
58
58
58
2
2
2
2
2
2
2
2
2
2

2
2
2
1
1
1
1
1
1
1
1
1
1
1
1
2
2
2

2
2
2
2

2
2
2
2
2

2
2
2
2
2
2
2
2
2
2
2
2
2
2
2
2
2
2
2

2
2
2
2
2
2
1
1
1
1
1
1
1
1
1
1
1
1
1
1
1
1
1
2
2
2
2
2
2
2
2
2
2
2
2
2
2
2
2
2
2
2
2
2
2
2
2
2
2
2
2
2
2
2
2

2
2
2
2

2
2
2
2
2
2
2
2
2
4
4
4
4
4
4
2
2
2
2
2
2
2
2
2
2
2
2
2
2
2
2
2
2
2
2
2
2
2
2
2
2

2
2

2
2
2
2
2
2
2
2
2
2
2
4
4
4
4
2
2

2
2
2
2
2
2
2
2
2
2
2
2
2

2
2
2
2
2
2
2
2
2
2
2
2
2
2
2
2
2
2
2

2
2
2
2

2
2
2
2
2
2
2
2
2

2
2

2
2
2
2
2
2

1
1
1
1
1
1

1
1
1
1
1
1
1
1
1
1
1
1
1
1
1
1
3
3
3
3
2
2
2
2
2
2

11
14
14
14
14
12
12
3
3
3
3
1
1
1
1
1
1
1
1
1
1
1
1
1
14
14
14
14
14
14

14
14
13
13
13
13
13
11
11
11
11
11
11

3
3
3
2
2
2
2
2
2
2
2
2
2
2
2
2
3
3
2
2
13
13
1
1

1
1
1
1
1
1
1
1
1
1
1
1
1
1
1
1
1

1
1
1
1

4
4
4
4
4
4
4
4
4
4
4
4
4
4
5
5

1
1
1
1

1
1
1
1
1
1
1
1
1
1

3
3
3
3
3
3
3
3
3
3
3
3
3

1
1
2
2
4
4
4
4
4
4
4
4
4
4
4
4
4
4

4
4
4
4
4
2
2
2
2
2
2
4
4
4

2
2
2
2
2
2
2
2
2
2
2
2
2
2
2

Total
